Day,Date,Close/Last,Volume,Open,High,Low
1,02/24/2025,363.89,914843,361.51,365.85,353
2,02/21/2025,363.9,933329,368.12,369.35,356.05
3,02/20/2025,363.91,1116708,359.96,367.46,359.27
4,02/19/2025,363.92,1751133,365.42,366.52,352.5
5,02/18/2025,363.93,1413843,362.51,371,362
6,02/14/2025,363.94,1181551,362.37,365.74,357.92
7,02/13/2025,363.95,1416555,375,376.03,359.32
8,02/12/2025,363.96,772799,371.01,377.38,369.36
9,02/11/2025,374.53,931076,372.54,375.91,367.32
10,02/10/2025,376.34,1045543,378.41,378.75,366.27
11,02/07/2025,374.79,1886990,390,395.73,374
12,02/06/2025,401.6,1087930,411,414.32,398.41
13,02/05/2025,410.67,516752,410,413.42,408.11
14,02/04/2025,409.19,719790,405.44,413,405.44
15,02/03/2025,408.14,658747,404.52,414.62,402.7
16,01/31/2025,412.15,687862,418.36,422.62,409.44
17,01/30/2025,418.53,555003,414.63,421.59,414.1
18,01/29/2025,410.66,606185,415,418.51,407.72
19,01/28/2025,413.24,555252,415,421.69,413
20,01/27/2025,415,756399,415.29,427.14,413.82
21,01/24/2025,417.83,673091,417.75,424.53,414.08
